- 228—

7411414 1111111 a p. 41,7 (4111414144 uupp 111) ad
p. 42,3 ex 11] 14 4111414 etc,

p.,49 7 1111114(4),914111111114Ρ11’11.(1111149).

42,14 39.111414

43, 11 41114 (τά) 11444 (441414 1119).

43,12 bubulus 4 (3131114114), 3131111119.

43 21 1141411411), 1141119. 94,4v(= 43)( 11414119

44, 8 4934111114 (4114114413, 4911411119). 11411111111411941.

44, 12 muns 4113411111( 4131143394) fort 1 4113411111.

43,711111114(πᾶ)11111119.

43, 14 Ros 11111414.

46, 9 1113134114 (114)11111111114.

46,10 uum 1114114 41 1114 4.

43,14 lens 1141 pereocta 4 (ι- db).

4317 94144393 (94141111)

47, 2 11111114(εε9), item 1111141117. 11131· 111111 (= 9,
1411111114114119. 33,3. 333)

47, 7 114111111111144.

47, 14 111111 41441114 (ε 9)

47, 22 qua 414. (44111311 prunu)v.

48, 8 colligitis (114) 4111111114.

48, 10 314144. 114119. 3229

48, 11 4111114.

48, 13 314141411141114 (1141119. 4912). acrifolium 41111114
9111111. 1411

48, 19 11111111 4 (=9) .

49, 3 4114411111 1411113114311131114(4114411111111 144-
11111 41111113141 9).

49,17 41 19 defunditur 4((111111(111119ᾶ).

49, 30 1111414 41141114.

30,14 1411114(εά13)9141411119.

33,13 11114(11’1144411.).

30,19 1411114 quugulou.

31, 2 ui 411144111141414 4 (a 9.)

31, 2- 3411141.. (1.4.444114(114119) cf. 1119141424,3(29,1).

31, 6 3411111113 411141 1111444111 41141114

31, 9 1111941111111143 9d

3113 4411311111. 1111111411(11’4)4.

31,11 14931141(1141114141ο1)31’44(π911).114111 raphani
4949 73,.21 41934191193111911931111314)
4,14411111114(1131411114,..1414)

31, 19 91111111(11“4)4.

111414 (= 4.)

33,1111119114(--11).

32, 3 iu quibus 4 (== 93).

 

